% Definitions and descriptions of IMOS moorings/stations sites.
%
% These information are used in impossible location QC test. 
% distanceKmPlusMinusThreshold overrules other thresholds.
%
% Format:
%
% name, nominalLongitude, nominalLatitude, longitudePlusMinusThreshold, latitudePlusMinusThreshold, distanceKmPlusMinusThreshold
%
NRSMAI, 	148.2333, 		-42.59667, 		0.025, 	0.025, 	2.5
NRSNSI, 	153.562, 		-27.34, 		0.025, 	0.025, 	2.5
NRSKAI, 	136.4473, 		-35.83217, 		0.025, 	0.025, 	2.5
NRSESP, 	121.85, 		-33.93333, 		0.025, 	0.025, 	2.5
NRSROT, 	115.4167, 		-32, 			0.025, 	0.025, 	2.5
NRSNIN, 	113.947, 		-21.86652, 		0.025, 	0.025, 	2.5
NRSDAR, 	130.6952, 		-12.3382,		0.025, 	0.025, 	2.5
NRSYON, 	147.6184, 		-19.30847, 		0.025, 	0.025, 	2.5
NRSPHB, 	151.25, 		-34.08333, 		0.025, 	0.025, 	2.5
BMP090, 	150.235,		-36.19,			0.025, 	0.025, 	2.5
BMP120, 	150.309, 		-36.213,		0.025, 	0.025, 	2.5
JB070, 		150.85, 		-35.083, 		0.025, 	0.025, 	2.5
PH025, 		151.18, 		-34.082, 		0.025, 	0.025, 	2.5
PH050, 		151.189, 		-34.089, 		0.025, 	0.025, 	2.5
PH100, 		151.224, 		-34.12,  		0.025, 	0.025, 	2.5
PH125, 		151.256, 		-34.148, 		0.025, 	0.025, 	2.5
ORS065, 	151.315, 		-33.898, 		0.025, 	0.025, 	2.5
SYD100, 	151.382, 		-33.943, 		0.025, 	0.025, 	2.5
SYD140, 	151.459, 		-33.994, 		0.025, 	0.025, 	2.5
CH070, 		153.3, 			-30.275, 		0.025, 	0.025, 	2.5
CH100, 		153.397, 		-30.268, 		0.025, 	0.025, 	2.5
SEQ200, 	153.77478, 		-27.33998,		0.025, 	0.025, 	2.5
SEQ400, 	153.87653, 		-27.33185, 		0.025, 	0.025, 	2.5
GBROTE, 	152.1726333, 	-23.48338333, 	0.025, 	0.025, 	2.5
GBRHIS, 	151.9549167, 	-23.5133, 		0.025, 	0.025, 	2.5
GBRHIN, 	151.9868167, 	-23.38343333, 	0.025, 	0.025, 	2.5
GBRELR, 	152.8793, 		-21.03088333, 	0.025, 	0.025, 	2.5
GBRCCH, 	151.9933667, 	-22.40815, 		0.025, 	0.025, 	2.5
GBRMYR, 	147.3436833, 	-18.21963333, 	0.025, 	0.025, 	2.5
GBRPPS, 	147.1632667, 	-18.31035, 		0.025, 	0.025, 	2.5
GBRLSH, 	145.6436, 		-14.69953333, 	0.025, 	0.025, 	2.5
GBRLSL, 	145.3436667, 	-14.33948333, 	0.025, 	0.025, 	2.5
SAM2CP, 	135.6837667, 	-35.26848333, 	0.025, 	0.025, 	2.5
SAM4CY, 	136.8560017, 	-36.51985, 		0.025, 	0.025, 	2.5
SAM5CB, 	135.0098167, 	-34.9275, 		0.025, 	0.025, 	2.5
SAM1DS, 	136.2435167, 	-36.51618333, 	0.025, 	0.025, 	2.5
SAM6IS, 	136.59975, 		-35.50023333, 	0.025, 	0.025, 	2.5
WATR05, 	115.2458333, 	-31.62666667, 	0.025, 	0.025, 	2.5
WATR10, 	115.1958333, 	-31.64666667, 	0.025, 	0.025, 	2.5
WATR15, 	115.1166667, 	-31.69333333, 	0.025, 	0.025, 	2.5
WATR20, 	115.03, 		-31.71933333, 	0.025, 	0.025, 	2.5
WATR50, 	114.9433333, 	-31.7705, 		0.025, 	0.025, 	2.5
WACA20, 	115.2333333, 	-31.98333333, 	0.025, 	0.025, 	2.5
WACANO, 	114.9933333, 	-31.92166667, 	0.025, 	0.025, 	2.5
WACASO, 	115.1566667, 	-32.01666667, 	0.025, 	0.025, 	2.5
ITFJBG, 	128.96518, 		-13.60957, 		0.025, 	0.025, 	2.5
ITFFTB, 	128.47717, 		-12.29043, 		0.025, 	0.025, 	2.5
ITFMHB, 	128.0001, 		-10.9997, 		0.025, 	0.025, 	2.5
ITFTIS, 	127.554, 		-9.8176, 		0.025, 	0.025, 	2.5
KIM050, 	121.58813, 		-16.3879, 		0.025, 	0.025, 	2.5
KIM100, 	121.3038, 		-15.67976, 		0.025, 	0.025, 	2.5
KIM200, 	121.24307, 		-15.5347, 		0.025, 	0.025, 	2.5
KIM400, 	121.11471, 		-15.22097, 		0.025, 	0.025, 	2.5
PIL050, 	116.41615, 		-20.05467, 		0.025, 	0.025, 	2.5
PIL100, 	116.11155, 		-19.69437, 		0.025, 	0.025, 	2.5
PIL200, 	115.91535, 		-19.43557, 		0.025, 	0.025, 	2.5
SAM3MS, 	135.904, 		-36.1459, 		0.025, 	0.025, 	2.5
SAM7DS, 	135.8439, 		-36.1809, 		0.025, 	0.025, 	2.5
SAM8SG, 	136.69, 		-35.25, 		0.025, 	0.025, 	2.5
TAN100, 	113.9065833, 	-21.8493, 		0.025, 	0.025, 	2.5
A1-09,-136.0063667,70.76136667,0.025,0.025,2.5
A1-10,-136.005,70.7653,0.025,0.025,2.5
A2-09,-135.9202167,70.74641667,0.025,0.025,2.5
A2-10,-135.9146,70.7439,0.025,0.025,2.5
AN01-05,-91.94371667,59.97782667,0.025,0.025,2.5
AN01-06,-91.943815,59.97729517,0.025,0.025,2.5
AN01-07,-91.94236,59.97488,0.025,0.025,2.5
AN01-09,-91.95085,59.96941833,0.025,0.025,2.5
AN01-10,-91.94976667,59.96953333,0.025,0.025,2.5
AN01-11,-91.95315,59.96288333,0.025,0.025,2.5
AN01-12,-91.95315,59.96288333,0.025,0.025,2.5
AN01-13,-91.97390667,59.97088167,0.025,0.025,2.5
AN02-05,-91.523185,58.78206833,0.025,0.025,2.5
AN02-07,-91.52428167,58.784695,0.025,0.025,2.5
AN02-09,-91.53494333,58.77814833,0.025,0.025,2.5
AN03-05,-77.92989833,55.407765,0.025,0.025,2.5
AN03-06,-77.92841,55.40731333,0.025,0.025,2.5
AN03-07,-77.93047167,55.40809667,0.025,0.025,2.5
AN03-09,-77.93099833,55.40892833,0.025,0.025,2.5
AN03-10,-77.91866667,55.41373333,0.025,0.025,2.5
AN04-07,-91.597,57.65566667,0.025,0.025,2.5
AN04-09,-91.60324333,57.67016667,0.025,0.025,2.5
AN04-10,-91.60298333,57.67013333,0.025,0.025,2.5
AN-MMP-HG-14,-4.3663,78.8553,0.025,0.025,2.5
AN-MMP-TD-14,-2.7532,78.564,0.025,0.025,2.5
B-09,-135.5977,70.66645,0.025,0.025,2.5
B-10,-135.586,70.6683,0.025,0.025,2.5
BA01-05,-71.198405,76.327015,0.025,0.025,2.5
BA01-06,-71.22714667,76.32824667,0.025,0.025,2.5
BA02-05,-74.57497667,76.26762167,0.025,0.025,2.5
BA03-05,-77.40107,76.38375833,0.025,0.025,2.5
BA03-06,-77.41043,76.385945,0.025,0.025,2.5
BA04-05,-74.97744833,75.25357833,0.025,0.025,2.5
BR1-12,-139.0232,70.4335,0.025,0.025,2.5
BR1-14,-139.0228333,70.43181667,0.025,0.025,2.5
BR1-15,-139.0228333,70.43181667,0.025,0.025,2.5
BR2-11,-137.9605,69.9911,0.025,0.025,2.5
BR2-12,-137.9608,69.9913,0.025,0.025,2.5
BR2-14,-137.9768667,69.99555,0.025,0.025,2.5
BR3-14,-129.3565,73.4086,0.025,0.025,2.5
BR3-15,-129.3537,73.4094,0.025,0.025,2.5
BR3b-16,-129.3539,73.4011,0.025,0.025,2.5
BR4-14,-127.0480833,73.22066667,0.025,0.025,2.5
BRA-11,-136.0138,70.7563,0.025,0.025,2.5
BRA-12,-136.0133,70.7568,0.025,0.025,2.5
BRB-11,-135.586,70.67,0.025,0.025,2.5
BRB-12,-135.5862,70.6716,0.025,0.025,2.5
BRG-11,-135.4999,71.0067,0.025,0.025,2.5
BRG-12,-135.4985,71.0078,0.025,0.025,2.5
BRG-14,-135.5094167,71.00213333,0.025,0.025,2.5
BRG-15,-135.4935,71.002,0.025,0.025,2.5
BRK-14,-135.0199667,70.86245,0.025,0.025,2.5
BRK-15,-135.0284,70.8627,0.025,0.025,2.5
BS1-14,-134.85061,70.81078667,0.025,0.025,2.5
BS2-14,-135.0944577,70.88123667,0.025,0.025,2.5
BS3-14,-135.2357867,70.92594,0.025,0.025,2.5
C-09,-135.1338167,70.49543333,0.025,0.025,2.5
CA01-02,-135.5,70.5,0.025,0.025,2.5
CA02-02,-132.9138167,70.89511667,0.025,0.025,2.5
CA03-02,-128.1336833,71.14993333,0.025,0.025,2.5
CA03-03,-128.12615,71.15303333,0.025,0.025,2.5
CA04-02,-133.77405,71.02225,0.025,0.025,2.5
CA04-03,-133.7232,71.08596667,0.025,0.025,2.5
CA04-04,-133.7211833,71.08576667,0.025,0.025,2.5
CA04-05,-133.629185,71.080163,0.025,0.025,2.5
CA04-06,-133.6293667,71.08015,0.025,0.025,2.5
CA04-07,-133.6351667,71.08123333,0.025,0.025,2.5
CA04-08,-133.629645,71.0814045,0.025,0.025,2.5
CA04-10,-133.6288717,71.0814265,0.025,0.025,2.5
CA05-02,-127.53565,71.28256667,0.025,0.025,2.5
CA05-03,-127.3749167,71.42041667,0.025,0.025,2.5
CA05-04,-127.3962833,71.41913333,0.025,0.025,2.5
CA05-05,-127.536285,71.28059333,0.025,0.025,2.5
CA05-07,-127.6022917,71.31364333,0.025,0.025,2.5
CA05-08,-127.5823733,71.31244667,0.025,0.025,2.5
CA05-09,-127.591865,71.31747833,0.025,0.025,2.5
CA05-10,-127.593835,71.31767833,0.025,0.025,2.5
CA05-15,-127.5332,71.2795,0.025,0.025,2.5
CA05-MMP-07,-127.6351867,71.40327667,0.025,0.025,2.5
CA05-MMP-08,-127.64463,71.41158,0.025,0.025,2.5
CA05-MMP-09,-127.6613817,71.41705833,0.025,0.025,2.5
CA05-MMP-10,-127.6611433,71.41672833,0.025,0.025,2.5
CA06-02,-127.5475667,70.64993333,0.025,0.025,2.5
CA06-03,-127.2705,70.58873333,0.025,0.025,2.5
CA07-02,-133.8771667,71.16241667,0.025,0.025,2.5
CA07-03,-133.898,71.14983333,0.025,0.025,2.5
CA07-04,-133.8939167,71.14906667,0.025,0.025,2.5
CA08-02,-126.112,70.97305,0.025,0.025,2.5
CA08-03,-125.9642,71.0008,0.025,0.025,2.5
CA08-05,-126.0743817,71.00680732,0.025,0.025,2.5
CA08-06,-126.0661167,71.01035,0.025,0.025,2.5
CA08-07,-126.0226715,71.05389317,0.025,0.025,2.5
CA08-10,-126.07125,71.00456667,0.025,0.025,2.5
CA08-15,-126.0783,71.0076,0.025,0.025,2.5
CA09-03,-137.5142667,70.20966667,0.025,0.025,2.5
CA10-03,-138.6737333,69.95511667,0.025,0.025,2.5
CA11-03,-138.6548167,70.57715,0.025,0.025,2.5
CA12-03,-134.2004667,71.42688333,0.025,0.025,2.5
CA13-03,-131.3637333,71.35593333,0.025,0.025,2.5
CA14-03,-128.0136167,71.79101667,0.025,0.025,2.5
CA15-03,-127.0239,71.5372,0.025,0.025,2.5
CA15-04,-127.0243,71.53781667,0.025,0.025,2.5
CA16-03,-126.4559,71.7981,0.025,0.025,2.5
CA16-07,-126.4929217,71.79035833,0.025,0.025,2.5
CA16-08,-126.4969467,71.78677833,0.025,0.025,2.5
CA16-09,-126.516995,71.80153833,0.025,0.025,2.5
CA16-10,-126.4960333,71.7863,0.025,0.025,2.5
CA16-MMP-07,-126.50547,71.75344,0.025,0.025,2.5
CA16-MMP-08,-126.5080533,71.75252667,0.025,0.025,2.5
CA16-MMP-09,-126.509375,71.75446667,0.025,0.025,2.5
CA16-MMP-10,-126.509,71.7545,0.025,0.025,2.5
CA18-03,-123.1006667,70.64266667,0.025,0.025,2.5
CA18-04,-122.9883333,70.66566667,0.025,0.025,2.5
CA18-05,-122.9883333,70.66566667,0.025,0.025,2.5
CA18-06,-122.99255,70.665125,0.025,0.025,2.5
CA18-07,-122.9910167,70.66607,0.025,0.025,2.5
CA18-08,-122.994215,70.66485167,0.025,0.025,2.5
CA19-03,-128.0201667,70.83633333,0.025,0.025,2.5
CA20-03,-126.3548833,70.33911667,0.025,0.025,2.5
CA20-04,-126.3570167,70.33926667,0.025,0.025,2.5
F-09,-136.4106667,70.93033333,0.025,0.025,2.5
F-10,-136.4143,70.9308,0.025,0.025,2.5
G-09,-135.4795283,71.00206,0.025,0.025,2.5
G-10,-135.4887,71.0063,0.025,0.025,2.5
H-09,-134.68711,71.02081,0.025,0.025,2.5
H-10,-134.6853,71.021,0.025,0.025,2.5
HS_A-08,,,0.025,0.025,2.5
HS_E-08,,,0.025,0.025,2.5
HS_F-08,,,0.025,0.025,2.5
HS_G-08,,,0.025,0.025,2.5
I-09,-134.5453833,70.81446667,0.025,0.025,2.5
I-10,-134.5435,70.8131,0.025,0.025,2.5
J-09,-134.2602,70.89801667,0.025,0.025,2.5
J-10,-134.2609,70.89765,0.025,0.025,2.5
LS01-07,,,0.025,0.025,2.5
LS01-10,-90.38828333,74.4696,0.025,0.025,2.5
M1E-06,,,0.025,0.025,2.5
M1F-07,,,0.025,0.025,2.5
MS01-01,,,0.025,0.025,2.5
MS01-10,-108.4132333,74.09601667,0.025,0.025,2.5
SO1-15,-51.03524617,48.99063333,0.025,0.025,2.5
SO2-15,-51.84825167,50.27772667,0.025,0.025,2.5
SO3-15,-52.507585,51.83571,0.025,0.025,2.5
WF1-15,-101.8078,68.2411,0.025,0.025,2.5
WF2-15,-99.013,68.0188,0.025,0.025,2.5
